- OS: Windows-10-10.0.26100-SP0 10.0.26100
- Python: 3.10.19
- Stable-Baselines3: 2.7.1
- PyTorch: 2.9.1+cpu
- GPU Enabled: False
- Numpy: 1.26.4
- Cloudpickle: 3.1.2
- Gymnasium: 1.2.3
